V_pop,1,-0.965403,0.647127,0.67573,nan,nan,-0.0166264,0,0,0,0,0,0,0,0,0,0,nan,nan,0,0,0
k_pop,-0.965403,1,-0.522493,-0.555038,nan,nan,0.0237624,0,0,0,0,0,0,0,0,0,0,nan,nan,0,0,0
k12_pop,0.647127,-0.522493,1,0.999163,nan,nan,0.0149435,0,0,0,0,0,0,0,0,0,0,nan,nan,0,0,0
k21_pop,0.67573,-0.555038,0.999163,1,nan,nan,0.0143265,0,0,0,0,0,0,0,0,0,0,nan,nan,0,0,0
k13_pop,nan,nan,nan,nan,nan,nan,nan,nan,nan,nan,nan,nan,nan,nan,nan,nan,nan,nan,nan,nan,nan,nan
k31_pop,nan,nan,nan,nan,nan,nan,nan,nan,nan,nan,nan,nan,nan,nan,nan,nan,nan,nan,nan,nan,nan,nan
Cc_baseline_pop,-0.0166264,0.0237624,0.0149435,0.0143265,nan,nan,1,0,0,0,0,0,0,0,0,0,0,nan,nan,0,0,0
omega_V,0,0,0,0,nan,nan,0,1,0.583216,0.503268,0.495299,0.847415,-0.484119,-0.489058,0.460533,-0.550241,0.481053,nan,nan,0.00207569,0.0252517,-0.0395733
corr_k_V,0,0,0,0,nan,nan,0,0.583216,1,0.802606,0.789294,0.0734125,-0.781673,-0.782519,0.760502,-0.820821,0.776342,nan,nan,0.00311633,0.0197382,-0.0295605
corr_k12_V,0,0,0,0,nan,nan,0,0.503268,0.802606,1,0.999468,0.0734467,-0.999075,-0.998984,0.995254,-0.99607,0.998115,nan,nan,0.00141159,-0.0072273,0.00198524
corr_k21_V,0,0,0,0,nan,nan,0,0.495299,0.789294,0.999468,1,0.0713876,-0.999804,-0.999909,0.997648,-0.99427,0.999546,nan,nan,0.00155639,-0.00693046,0.000797854
omega_k,0,0,0,0,nan,nan,0,0.847415,0.0734125,0.0734467,0.0713876,1,-0.0616195,-0.0675128,0.0464769,-0.11921,0.0617039,nan,nan,0.000362292,0.0162054,-0.0265238
corr_k12_k,0,0,0,0,nan,nan,0,-0.484119,-0.781673,-0.999075,-0.999804,-0.0616195,1,0.9999,-0.998275,0.992646,-0.999677,nan,nan,-0.00157271,0.00641469,-0.000217361
corr_k21_k,0,0,0,0,nan,nan,0,-0.489058,-0.782519,-0.998984,-0.999909,-0.0675128,0.9999,1,-0.998389,0.993018,-0.999837,nan,nan,-0.00160887,0.00664804,-0.000206716
omega_k12,0,0,0,0,nan,nan,0,0.460533,0.760502,0.995254,0.997648,0.0464769,-0.998275,-0.998389,1,-0.984837,0.999226,nan,nan,0.00163072,-0.00764614,0.000929188
corr_k21_k12,0,0,0,0,nan,nan,0,-0.550241,-0.820821,-0.99607,-0.99427,-0.11921,0.992646,0.993018,-0.984837,1,-0.990893,nan,nan,-0.00160303,0.00486524,0.00131457
omega_k21,0,0,0,0,nan,nan,0,0.481053,0.776342,0.998115,0.999546,0.0617039,-0.999677,-0.999837,0.999226,-0.990893,1,nan,nan,0.0016274,-0.00703662,0.000439982
omega_k13,nan,nan,nan,nan,nan,nan,nan,nan,nan,nan,nan,nan,nan,nan,nan,nan,nan,nan,nan,nan,nan,nan
omega_k31,nan,nan,nan,nan,nan,nan,nan,nan,nan,nan,nan,nan,nan,nan,nan,nan,nan,nan,nan,nan,nan,nan
omega_Cc_baseline,0,0,0,0,nan,nan,0,0.00207569,0.00311633,0.00141159,0.00155639,0.000362292,-0.00157271,-0.00160887,0.00163072,-0.00160303,0.0016274,nan,nan,1,-0.00228681,-0.0687911
a,0,0,0,0,nan,nan,0,0.0252517,0.0197382,-0.0072273,-0.00693046,0.0162054,0.00641469,0.00664804,-0.00764614,0.00486524,-0.00703662,nan,nan,-0.00228681,1,-0.744896
b,0,0,0,0,nan,nan,0,-0.0395733,-0.0295605,0.00198524,0.000797854,-0.0265238,-0.000217361,-0.000206716,0.000929188,0.00131457,0.000439982,nan,nan,-0.0687911,-0.744896,1
