V_pop,1,-0.973556,0.943393,0.946193,0.024787,0,0,0,0,0,0,0,0,0,0,0,0,nan,0,0,0,0
k_pop,-0.973556,1,-0.881182,-0.885448,-0.101202,0,0,0,0,0,0,0,0,0,0,0,0,nan,0,0,0,0
k12_pop,0.943393,-0.881182,1,0.999933,0.016424,0,0,0,0,0,0,0,0,0,0,0,0,nan,0,0,0,0
k21_pop,0.946193,-0.885448,0.999933,1,0.0167094,0,0,0,0,0,0,0,0,0,0,0,0,nan,0,0,0,0
Cc_baseline_pop,0.024787,-0.101202,0.016424,0.0167094,1,0,0,0,0,0,0,0,0,0,0,0,0,nan,0,0,0,0
omega_V,0,0,0,0,0,1,-0.486104,0.847888,0.962265,-0.0554494,0.905903,-0.848876,-0.908699,0.454219,-0.846285,-0.848386,-0.846181,nan,0.0396772,-0.00436442,0.0395085,-0.0375494
corr_k_V,0,0,0,0,0,-0.486104,1,-0.460458,-0.372298,-0.22603,-0.775356,0.464968,0.696732,-0.16852,0.460664,0.463034,0.459898,nan,-0.28192,0.00277766,-0.0471175,0.0576129
corr_k12_V,0,0,0,0,0,0.847888,-0.460458,1,0.861187,-0.0781776,0.76631,-0.999983,-0.856941,0.410307,-0.999994,-0.999947,-0.999989,nan,0.00355022,-0.00450225,0.02694,-0.0284909
corr_k21_V,0,0,0,0,0,0.962265,-0.372298,0.861187,1,-0.0414439,0.826397,-0.861911,-0.912562,0.403784,-0.859373,-0.859875,-0.859244,nan,0.0489281,-0.00749794,0.0166921,-0.00258462
corr_V_Cc_baseline,0,0,0,0,0,-0.0554494,-0.22603,-0.0781776,-0.0414439,1,0.0923486,0.0762339,-0.0796273,-0.873655,0.07836,0.0782069,0.0809308,nan,0.94466,0.0241363,-0.0246704,0.019806
omega_k,0,0,0,0,0,0.905903,-0.775356,0.76631,0.826397,0.0923486,1,-0.768997,-0.926203,0.362226,-0.765184,-0.768556,-0.76473,nan,0.168863,0.0143616,0.0504573,-0.0549407
corr_k12_k,0,0,0,0,0,-0.848876,0.464968,-0.999983,-0.861911,0.0762339,-0.768997,1,0.85957,-0.409912,0.999972,0.999929,0.999961,nan,-0.00582776,0.00442497,-0.0272062,0.0287883
corr_k21_k,0,0,0,0,0,-0.908699,0.696732,-0.856941,-0.912562,-0.0796273,-0.926203,0.85957,1,-0.350164,0.855718,0.85625,0.855226,nan,-0.181964,0.000184573,-0.038497,0.0346224
corr_k_Cc_baseline,0,0,0,0,0,0.454219,-0.16852,0.410307,0.403784,-0.873655,0.362226,-0.409912,-0.350164,1,-0.409974,-0.41141,-0.41204,nan,-0.760019,-0.0466397,0.0494742,-0.0543714
omega_k12,0,0,0,0,0,-0.846285,0.460664,-0.999994,-0.859373,0.07836,-0.765184,0.999972,0.855718,-0.409974,1,0.999951,0.999996,nan,-0.00322938,0.00447639,-0.0269884,0.0286485
corr_k21_k12,0,0,0,0,0,-0.848386,0.463034,-0.999947,-0.859875,0.0782069,-0.768556,0.999929,0.85625,-0.41141,0.999951,1,0.999947,nan,-0.00350634,0.00444824,-0.0271622,0.0288607
corr_k12_Cc_baseline,0,0,0,0,0,-0.846181,0.459898,-0.999989,-0.859244,0.0809308,-0.76473,0.999961,0.855226,-0.41204,0.999996,0.999947,1,nan,-0.000500879,0.00452494,-0.0270365,0.0286906
omega_k21,nan,nan,nan,nan,nan,nan,nan,nan,nan,nan,nan,nan,nan,nan,nan,nan,nan,nan,nan,nan,nan,nan
corr_k21_Cc_baseline,0,0,0,0,0,0.0396772,-0.28192,0.00355022,0.0489281,0.94466,0.168863,-0.00582776,-0.181964,-0.760019,-0.00322938,-0.00350634,-0.000500879,nan,1,0.0182212,-0.0178056,0.0154173
omega_Cc_baseline,0,0,0,0,0,-0.00436442,0.00277766,-0.00450225,-0.00749794,0.0241363,0.0143616,0.00442497,0.000184573,-0.0466397,0.00447639,0.00444824,0.00452494,nan,0.0182212,1,-0.00474608,-0.0630938
a,0,0,0,0,0,0.0395085,-0.0471175,0.02694,0.0166921,-0.0246704,0.0504573,-0.0272062,-0.038497,0.0494742,-0.0269884,-0.0271622,-0.0270365,nan,-0.0178056,-0.00474608,1,-0.739561
b,0,0,0,0,0,-0.0375494,0.0576129,-0.0284909,-0.00258462,0.019806,-0.0549407,0.0287883,0.0346224,-0.0543714,0.0286485,0.0288607,0.0286906,nan,0.0154173,-0.0630938,-0.739561,1
