V_pop,4.1964,-2.45844,86304.4,86739.3,0.0111153,0,0,0,0,0,0,0,0,0,0,0,0,nan,0,0,0,0
k_pop,-2.45844,1.51957,-48509.6,-48845.1,-0.0273091,0,0,0,0,0,0,0,0,0,0,0,0,nan,0,0,0,0
k12_pop,86304.4,-48509.6,1.99436e+09,1.99835e+09,160.561,0,0,0,0,0,0,0,0,0,0,0,0,nan,0,0,0,0
k21_pop,86739.3,-48845.1,1.99835e+09,2.00261e+09,163.689,0,0,0,0,0,0,0,0,0,0,0,0,nan,0,0,0,0
Cc_baseline_pop,0.0111153,-0.0273091,160.561,163.689,0.0479201,0,0,0,0,0,0,0,0,0,0,0,0,nan,0,0,0,0
omega_V,0,0,0,0,0,17.3844,-1.6644,2.28408e+07,423657,-0.493347,7.58473,-8.75832e+06,-319745,2.44434,-1.27909e+08,-1.2246e+08,-3.03488e+07,nan,9109.71,-0.00313503,0.257884,-0.0142078
corr_k_V,0,0,0,0,0,-1.6644,0.674372,-2.44306e+06,-32283.5,-0.396089,-1.27859,944865,48285.9,-0.178615,1.37132e+07,1.31639e+07,3.24871e+06,nan,-12748.5,0.000392974,-0.060574,0.00429353
corr_k12_V,0,0,0,0,0,2.28408e+07,-2.44306e+06,4.17434e+13,5.87532e+11,-1.07784e+06,9.94209e+06,-1.59876e+13,-4.6725e+11,3.42152e+06,-2.34205e+14,-2.23662e+14,-5.55762e+13,nan,1.26309e+09,-5011.4,272487,-16705
corr_k21_V,0,0,0,0,0,423657,-32283.5,5.87532e+11,1.11501e+10,-9338.51,175230,-2.25216e+11,-8.13217e+09,55030.7,-3.28947e+12,-3.14338e+12,-7.80469e+11,nan,2.845e+08,-136.401,2759.35,-24.7675
corr_V_Cc_baseline,0,0,0,0,0,-0.493347,-0.396089,-1.07784e+06,-9338.51,4.55358,0.395718,402552,-14339.8,-2.40621,6.06143e+06,5.77754e+06,1.48556e+06,nan,111003,0.00887324,-0.0824152,0.00383547
omega_k,0,0,0,0,0,7.58473,-1.27859,9.94209e+06,175230,0.395718,4.03235,-3.82121e+06,-156960,0.938804,-5.56992e+07,-5.34289e+07,-1.32095e+07,nan,18672.3,0.00496841,0.15862,-0.0100119
corr_k12_k,0,0,0,0,0,-8.75832e+06,944865,-1.59876e+13,-2.25216e+11,402552,-3.82121e+06,6.12342e+12,1.79507e+11,-1.30919e+06,8.96993e+13,8.56618e+13,2.12853e+13,nan,-7.94113e+08,1886.44,-105395,6464.84
corr_k21_k,0,0,0,0,0,-319745,48285.9,-4.6725e+11,-8.13217e+09,-14339.8,-156960,1.79507e+11,7.12211e+09,-38141,2.61782e+12,2.50165e+12,6.20847e+11,nan,-8.45615e+08,2.68353,-5086.1,265.159
corr_k_Cc_baseline,0,0,0,0,0,2.44434,-0.178615,3.42152e+06,55030.7,-2.40621,0.938804,-1.30919e+06,-38141,1.66584,-1.91812e+07,-1.83828e+07,-4.57462e+06,nan,-54016.3,-0.0103707,0.0999652,-0.00636843
omega_k12,0,0,0,0,0,-1.27909e+08,1.37132e+07,-2.34205e+14,-3.28947e+12,6.06143e+06,-5.56992e+07,8.96993e+13,2.61782e+12,-1.91812e+07,1.31404e+15,1.25489e+15,3.11818e+14,nan,-6.44626e+09,27955.5,-1.53157e+06,94243.4
corr_k21_k12,0,0,0,0,0,-1.2246e+08,1.31639e+07,-2.23662e+14,-3.14338e+12,5.77754e+06,-5.34289e+07,8.56618e+13,2.50165e+12,-1.83828e+07,1.25489e+15,1.19851e+15,2.97781e+14,nan,-6.68434e+09,26530.4,-1.47211e+06,90672.2
corr_k12_Cc_baseline,0,0,0,0,0,-3.03488e+07,3.24871e+06,-5.55762e+13,-7.80469e+11,1.48556e+06,-1.32095e+07,2.12853e+13,6.20847e+11,-4.57462e+06,3.11818e+14,2.97781e+14,7.39943e+13,nan,-2.37255e+08,6705.75,-364085,22396.7
omega_k21,nan,nan,nan,nan,nan,nan,nan,nan,nan,nan,nan,nan,nan,nan,nan,nan,nan,nan,nan,nan,nan,nan
corr_k21_Cc_baseline,0,0,0,0,0,9109.71,-12748.5,1.26309e+09,2.845e+08,111003,18672.3,-7.94113e+08,-8.45615e+08,-54016.3,-6.44626e+09,-6.68434e+09,-2.37255e+08,nan,3.03227e+09,172.861,-1534.95,77.0436
omega_Cc_baseline,0,0,0,0,0,-0.00313503,0.000392974,-5011.4,-136.401,0.00887324,0.00496841,1886.44,2.68353,-0.0103707,27955.5,26530.4,6705.75,nan,172.861,0.0296805,-0.00128004,-0.000986433
a,0,0,0,0,0,0.257884,-0.060574,272487,2759.35,-0.0824152,0.15862,-105395,-5086.1,0.0999652,-1.53157e+06,-1.47211e+06,-364085,nan,-1534.95,-0.00128004,2.4508,-0.105069
b,0,0,0,0,0,-0.0142078,0.00429353,-16705,-24.7675,0.00383547,-0.0100119,6464.84,265.159,-0.00636843,94243.4,90672.2,22396.7,nan,77.0436,-0.000986433,-0.105069,0.00823551
