V_pop,0.229812,-0.192258,0.00061103,-5.35457,295.543,-7.2675,0.011956,-0.000183244,-5.84829e-05,-0.000522584,0,0,0,0,0,0,0
k_pop,-0.192258,0.353841,-0.00235856,-8.51818,-101.448,2.10344,-0.00679827,0.000161801,4.07272e-05,-0.00241534,0,0,0,0,0,0,0
beta_k_GFR_MDRD_,0.00061103,-0.00235856,2.5078e-05,0.0615736,-1.66159,0.0468615,3.70287e-05,-1.03006e-06,-7.6862e-08,3.0616e-05,0,0,0,0,0,0,0
k12_pop,-5.35457,-8.51818,0.0615736,4587.4,9276.87,-218.409,-2.91176,0.0243571,0.0388865,0.487232,0,0,0,0,0,0,0
k21_pop,295.543,-101.448,-1.66159,9276.87,4.37622e+07,-1.19336e+06,-118.852,5.23701,0.824374,-283.392,0,0,0,0,0,0,0
beta_k21_baseline,-7.2675,2.10344,0.0468615,-218.409,-1.19336e+06,32577.9,3.64923,-0.149492,-0.022533,7.87975,0,0,0,0,0,0,0
Cc_baseline_pop,0.011956,-0.00679827,3.70287e-05,-2.91176,-118.852,3.64923,0.129665,-0.00146352,-0.000465795,-0.024259,0,0,0,0,0,0,0
beta_Cc_baseline_age,-0.000183244,0.000161801,-1.03006e-06,0.0243571,5.23701,-0.149492,-0.00146352,2.19096e-05,2.26434e-06,3.59455e-05,0,0,0,0,0,0,0
beta_Cc_baseline_baseline,-5.84829e-05,4.07272e-05,-7.6862e-08,0.0388865,0.824374,-0.022533,-0.000465795,2.26434e-06,7.43084e-06,8.32611e-05,0,0,0,0,0,0,0
beta_Cc_baseline_SEX_Male,-0.000522584,-0.00241534,3.0616e-05,0.487232,-283.392,7.87975,-0.024259,3.59455e-05,8.32611e-05,0.0333982,0,0,0,0,0,0,0
omega_V,0,0,0,0,0,0,0,0,0,0,0.178195,-0.00490293,0.0849539,57.3361,-1398.45,0.0182118,-0.00298289
corr_k_V,0,0,0,0,0,0,0,0,0,0,-0.00490293,0.0112931,-0.00815792,-79.5272,30.2606,0.00607153,-0.00104025
omega_k,0,0,0,0,0,0,0,0,0,0,0.0849539,-0.00815792,0.0743346,-21.603,-554.556,0.0034942,-0.0008655
omega_k12,0,0,0,0,0,0,0,0,0,0,57.3361,-79.5272,-21.603,2.71294e+06,-803286,-14.4733,-0.434368
omega_k21,0,0,0,0,0,0,0,0,0,0,-1398.45,30.2606,-554.556,-803286,3.40649e+08,-344.347,-133.232
omega_Cc_baseline,0,0,0,0,0,0,0,0,0,0,0.0182118,0.00607153,0.0034942,-14.4733,-344.347,0.615459,-0.0193805
b,0,0,0,0,0,0,0,0,0,0,-0.00298289,-0.00104025,-0.0008655,-0.434368,-133.232,-0.0193805,0.00343028
