V_pop,1,-0.439426,0.000999958,0,0,0,0,0
k_pop,-0.439426,1,-0.010594,0,0,0,0,0
Cc_baseline_pop,0.000999958,-0.010594,1,0,0,0,0,0
omega_V,0,0,0,1,-0.172153,-0.000447326,0.0298463,-0.180412
omega_k,0,0,0,-0.172153,1,-0.000509811,-0.0773982,-0.0447063
omega_Cc_baseline,0,0,0,-0.000447326,-0.000509811,1,-0.00143087,0.00272774
a,0,0,0,0.0298463,-0.0773982,-0.00143087,1,-0.381908
b,0,0,0,-0.180412,-0.0447063,0.00272774,-0.381908,1
