V_pop,0.145234,-0.0594289,0.00248383,0,0,0,0,0
k_pop,-0.0594289,0.125937,-0.0245042,0,0,0,0,0
Cc_baseline_pop,0.00248383,-0.0245042,42.4826,0,0,0,0,0
omega_V,0,0,0,0.102377,-0.0164319,-0.000663009,0.0403819,-0.00811259
omega_k,0,0,0,-0.0164319,0.0889901,-0.00070449,-0.097633,-0.00187427
omega_Cc_baseline,0,0,0,-0.000663009,-0.00070449,21.458,-0.0280278,0.00177578
a,0,0,0,0.0403819,-0.097633,-0.0280278,17.8809,-0.226958
b,0,0,0,-0.00811259,-0.00187427,0.00177578,-0.226958,0.0197508
